PALMA DE MALLORCA                          SALIDA Y PUESTA DE SOL PARA 2020             Observatorio Astronómico Nacional
Latitud y longitud: 39 34 20, + 2 39 11                                                   Instituto Geográfico Nacional
Año 2020                                Hora oficial en la península y Baleares           Ministerio de Fomento, España

Dia  Enero   Febrero    Marzo     Abril      Mayo     Junio     Julio     Agosto   Septiem.  Octubre   Noviemb.  Diciemb.
   Ort Ocas  Ort Ocas  Ort Ocas  Ort Ocas  Ort Ocas  Ort Ocas  Ort Ocas  Ort Ocas  Ort Ocas  Ort Ocas  Ort Ocas  Ort Ocas
   h m  h m  h m  h m  h m  h m  h m  h m  h m  h m  h m  h m  h m  h m  h m  h m  h m  h m  h m  h m  h m  h m  h m  h m
 1 810 1736  758 1809  722 1842  733 2014  650 2044  624 2111  626 2121  649 2102  718 2020  746 1931  718 1747  751 1726
 2 810 1736  757 1810  720 1843  732 2015  649 2045  623 2112  626 2121  650 2101  719 2018  747 1930  719 1746  752 1726
 3 810 1737  756 1811  719 1844  730 2016  648 2046  623 2113  627 2120  651 2100  720 2017  748 1928  720 1745  753 1725
 4 810 1738  755 1812  717 1845  728 2017  646 2047  623 2113  627 2120  652 2058  721 2015  749 1927  721 1744  754 1725
 5 810 1739  754 1813  716 1846  727 2018  645 2048  622 2114  628 2120  653 2057  722 2014  750 1925  723 1743  755 1725
 6 810 1740  753 1815  714 1847  725 2019  644 2049  622 2114  629 2120  654 2056  722 2012  751 1923  724 1742  756 1725
 7 810 1741  752 1816  713 1848  724 2020  643 2050  622 2115  629 2119  655 2055  723 2010  752 1922  725 1741  757 1725
 8 810 1742  751 1817  711 1849  722 2021  642 2050  622 2116  630 2119  656 2054  724 2009  753 1920  726 1740  758 1725
 9 810 1743  750 1818  710 1850  721 2022  641 2051  622 2116  630 2119  656 2053  725 2007  754 1919  727 1739  758 1725
10 810 1744  748 1819  708 1852  719 2023  640 2052  622 2117  631 2118  657 2051  726 2006  755 1917  728 1738  759 1725
11 810 1745  747 1820  707 1853  718 2024  639 2053  621 2117  632 2118  658 2050  727 2004  756 1916  729 1737  800 1725
12 809 1746  746 1822  705 1854  716 2025  638 2054  621 2117  632 2117  659 2049  728 2002  757 1914  730 1736  801 1726
13 809 1747  745 1823  704 1855  715 2026  637 2055  621 2118  633 2117  700 2048  729 2001  758 1913  732 1735  802 1726
14 809 1748  744 1824  702 1856  713 2027  636 2056  621 2118  634 2116  701 2046  730 1959  759 1911  733 1735  802 1726
15 808 1749  742 1825  700 1857  712 2028  635 2057  621 2119  635 2116  702 2045  731 1957  800 1910  734 1734  803 1726
16 808 1750  741 1826  659 1858  710 2029  634 2058  621 2119  635 2115  703 2043  732 1956  801 1908  735 1733  804 1727
17 808 1751  740 1827  657 1859  709 2030  633 2059  622 2119  636 2115  704 2042  733 1954  802 1907  736 1732  804 1727
18 807 1752  739 1829  656 1900  707 2031  632 2100  622 2120  637 2114  705 2041  734 1952  803 1905  737 1732  805 1727
19 807 1753  737 1830  654 1901  706 2032  632 2101  622 2120  638 2113  706 2039  734 1951  804 1904  738 1731  805 1728
20 806 1755  736 1831  652 1902  704 2033  631 2102  622 2120  639 2113  707 2038  735 1949  805 1903  740 1730  806 1728
21 806 1756  735 1832  651 1903  703 2034  630 2102  622 2120  639 2112  708 2036  736 1948  806 1901  741 1730  807 1729
22 805 1757  733 1833  649 1904  702 2035  629 2103  622 2121  640 2111  709 2035  737 1946  807 1900  742 1729  807 1729
23 805 1758  732 1834  648 1905  700 2036  629 2104  623 2121  641 2110  710 2034  738 1944  808 1859  743 1729  807 1730
24 804 1759  731 1835  646 1906  659 2037  628 2105  623 2121  642 2109  710 2032  739 1943  809 1857  744 1728  808 1730
25 803 1800  729 1836  644 1907  658 2038  627 2106  623 2121  643 2109  711 2031  740 1941  710 1756  745 1728  808 1731
26 802 1802  728 1838  643 1908  656 2039  627 2107  624 2121  644 2108  712 2029  741 1939  711 1755  746 1727  809 1732
27 802 1803  726 1839  641 1909  655 2040  626 2107  624 2121  645 2107  713 2028  742 1938  713 1753  747 1727  809 1732
28 801 1804  725 1840  640 1910  654 2041  626 2108  624 2121  645 2106  714 2026  743 1936  714 1752  748 1727  809 1733
29 800 1805  723 1841  738 2011  652 2042  625 2109  625 2121  646 2105  715 2025  744 1935  715 1751  749 1726  809 1734
30 759 1806  --- ----  736 2012  651 2043  625 2110  625 2121  647 2104  716 2023  745 1933  716 1750  750 1726  810 1735
31 758 1807  --- ----  735 2013  --- ----  624 2110  --- ----  648 2103  717 2021  --- ----  717 1748  --- ----  810 1735
   h m  h m  h m  h m  h m  h m  h m  h m  h m  h m  h m  h m  h m  h m  h m  h m  h m  h m  h m  h m  h m  h m  h m  h m

Se ha considerado el horario adelantado desde el último domingo de marzo al último domingo de octubre. Las coordenadas
vienen dadas en grados, minutos y segundos, siendo la longitud positiva al Este y negativa al Oeste del meridiano cero.
